1000
639280
75458
694240
233352
858671
188340
733441
490370
286642
251913
109792
768283
193380
232516
860448
332059
473979
118378
941300
358916
574078
45406
886698
556288
786151
616347
154078
894313
836771
26766
727631
669940
851061
736014
521550
619835
409275
630201
139282
758373
86473
457836
653161
894580
997042
522206
408521
747498
211685
243481
550085
981145
387699
23959
40731
639814
419694
54005
291113
142457
382893
802646
613632
535844
310829
58903
579537
506285
433042
191402
437124
990170
226827
611281
122600
722968
865043
793657
49733
586600
436435
626225
4684
745639
962980
979589
630896
400312
663283
948091
150606
268304
919486
320041
82183
89437
29114
602097
29870
844180
998039
938779
535261
560982
909851
925709
618274
645118
264939
715433
550487
661705
599209
744707
840015
271267
328694
615742
943404
188170
915736
587842
502414
181473
895031
818651
678182
206099
297538
486321
454184
710690
533359
200608
151263
565259
456671
822068
835674
319256
184287
375554
882180
22466
876555
525861
702802
788544
903245
370452
50581
981040
7299
729693
733935
311073
853695
520960
994
284219
492903
204714
98372
762251
324925
887117
549007
402927
569017
62744
432340
236443
53203
68504
652304
134341
928029
286059
691415
615923
180044
894044
914093
569823
661591
499872
497396
476099
539703
377644
268543
566471
321551
838961
998148
721541
793190
851701
58032
971317
459663
18319
293077
170490
80490
594559
557119
905480
899395
367336
513316
736624
745559
314538
559673
286665
409847
235296
610209
386493
769862
549043
61312
337005
369693
940057
701934
476162
588877
41582
691912
492049
116740
874349
664416
227562
130696
296907
114068
493118
504609
472688
45308
596458
757396
156499
319869
755172
993609
200816
309947
738688
848718
593449
445931
161504
381428
750135
522182
498166
536023
140107
65305
427255
534972
872837
834745
263071
14738
447567
350356
958362
935323
598872
195043
936790
271396
596649
213692
600867
539824
81253
376836
261955
621043
489569
827714
68564
6266
219741
89678
6103
229544
933087
991784
645212
982682
911979
650981
349196
321452
18273
418435
667795
947285
184627
714398
979304
126893
52800
328892
765626
577232
382482
865603
137208
583322
555121
51978
28669
725265
464290
214284
127767
578211
395711
831289
93554
235716
376820
31846
191462
728121
251091
134949
608858
996275
52629
379504
580499
66515
913326
373823
135197
701260
803532
966457
784852
697959
493931
946887
603407
279391
721623
434179
478442
34860
758208
34703
140143
847133
230067
899459
948769
753822
966843
766718
33828
328922
239827
959133
705292
963193
698054
330058
450560
785866
256101
828268
828874
684733
790117
369788
794175
211079
977682
289783
968774
222952
841140
405359
552326
965577
653949
558461
231408
508094
483947
485457
723238
573996
850432
196906
386694
830788
261596
143777
950616
360237
985908
994527
691600
564032
969137
244142
544767
457069
609639
449709
446365
217659
983920
557662
143851
156716
311973
428057
757256
13246
980728
971427
388562
157774
313649
32794
135415
811096
591619
34247
716951
663257
341450
415958
266583
160981
147428
394273
574277
54452
951849
914216
50659
805064
726600
125341
962066
158890
383743
385116
833117
776706
566262
71352
79902
285284
49593
773041
573905
107991
2385
841089
397107
313778
611901
912405
124054
377696
572818
978265
151300
832578
140908
717868
466957
814131
372304
199539
208176
772647
801440
845705
526946
165932
376441
350548
151165
294675
539949
113843
298312
734440
472280
152147
15455
109596
28769
956641
958015
844676
67983
333146
878320
865338
334469
95230
344655
492193
80924
869347
697783
168135
841115
908645
469004
967971
313173
437691
844707
61117
355872
498981
768657
304749
409325
208513
744335
474939
353033
96765
16839
503846
144559
130791
835646
262144
594695
113057
614621
436854
745343
737456
87197
777326
170373
917363
572814
137097
292446
427312
433477
675720
172390
978378
459616
221450
978916
720975
213751
553011
77001
962158
644705
956265
209605
135429
768224
719288
178183
445401
454442
22357
268111
276639
960149
153152
126961
403895
803294
923330
70120
107640
884501
337494
543828
269798
719401
645796
990353
45376
814028
397992
727990
777206
970050
159730
606247
533496
115660
573510
588631
902634
767275
447779
300510
292148
425555
831713
643059
516597
217518
992819
772806
533591
628937
938572
312893
772413
78559
157215
214792
589529
987968
877502
401187
458587
221214
119972
844776
636164
503348
419726
3278
234201
145043
763331
833026
257650
510283
259509
465888
314290
576256
359310
170385
918868
248015
297141
45140
528503
516510
327389
742558
515977
641817
165412
351136
443816
735524
20763
350445
305742
878132
847614
750696
443352
2138
182797
175326
866737
207392
122123
867312
976479
60108
819858
735145
192554
468738
478289
426158
635492
568965
248164
904979
405146
319902
861582
285642
139669
701589
874582
957558
409101
794652
325627
958046
291691
257420
348820
891261
537082
700486
629577
801910
754857
24123
756840
641828
575487
909384
534309
829775
591644
545529
172465
655676
607783
684079
839477
85916
725657
632988
717803
12708
209893
205226
196441
272636
797123
446907
894955
836881
901464
434828
436333
172741
810116
917875
801442
693190
389895
284039
972483
586364
264912
176862
902039
437852
958372
721393
341931
652506
717928
82588
935599
813755
779979
733442
826605
134088
117842
473614
553511
807454
199233
775380
525387
164259
32867
987349
379093
277971
316407
355809
441729
492344
506231
303575
447468
381880
423621
26440
539911
659208
997685
942330
741558
827775
169329
72136
586891
715333
197517
73831
807577
584874
266856
142659
459320
729811
567099
389639
729045
396878
982401
208252
743987
386887
971971
462857
931202
745236
21887
133593
182298
211755
671476
707034
122964
202867
71757
192673
524741
63031
434919
61482
390168
728311
234369
595197
394247
515417
348095
623085
887222
193789
267931
697147
992172
971374
850729
676951
147502
874867
572037
268806
282106
152006
13083
989983
587549
237852
915602
892911
381234
704483
997974
808764
213047
111050
118400
284263
615565
783609
978404
145514
890508
250338
587384
144577
983552
606511
941916
996006
102853
819355
628042
328244
64570
906077
614364
97517
937189
969918
964596
589207
818275
430156
105803
992321
983434
108839
759258
424547
559325
752120
330846
242531
329835
418434
339660
180660
268740
868560
769489
628313
82457
979854
275716
21768
337199
814452
388779
724585
457536
720157
810983
192381
55726
281078
857085
222876
28388
83473
105537
882391
257291
834521
842401
18492
353638
965216
203275
409335
756235
664981
949372
726805
697215
443537
82470
112420
703468
718608
496445
742007
134593
240701
846111
449734
816871
326309
575454
940401
290715
517902
6315
665509
947500
361121
18784
382807
307539
739586
345257
123694
757866
912960
75664
475517
38539
290408
843813
755374
133062
284340
605510
588346
254526
237985
90577
920084
356768
259742
282979
996517
787265
930208
252747
481202
