10000
110435
128420
450517
225434
564019
1420
171878
713924
561611
987689
46819
446528
646642
485767
108096
678845
404423
559223
233432
818936
631078
97802
643805
437828
909731
568172
151145
555641
214515
687450
265844
944315
788651
370817
861855
573030
2144
890805
914604
437779
700652
494282
687441
522314
531410
185299
621473
927620
520889
656436
591978
597531
127509
667238
2846
705424
924835
595847
999529
604729
285778
880924
291873
809733
411071
95076
615772
647981
326745
114009
44123
766329
833444
622406
368227
323820
477977
260416
253420
188622
258154
544706
711923
213396
710050
970217
64874
84717
427243
158088
442384
723051
472873
359209
533915
555084
905028
686689
474960
164133
643972
937487
359349
101226
122069
109553
227679
360988
7785
567714
775973
185743
704124
242740
845045
368087
252083
393126
253316
495183
473054
210882
954657
981893
925149
777558
325539
287365
64158
934668
185921
325377
129668
361192
909056
944474
23907
343902
796359
895565
662696
755534
837390
613949
645206
162653
538869
520601
929963
929777
893297
356585
127265
728840
760481
491834
946960
372470
620159
648932
385456
699641
878449
284661
448509
762362
159167
363708
289523
74659
337440
309939
431993
381335
258349
832138
577434
406866
354167
123404
88622
58527
840244
731888
562583
2160
807572
411775
150823
629981
606514
51164
108191
951420
503909
14197
338002
797721
740151
539077
695977
505618
890413
253763
34431
661010
467589
298538
372140
494696
844990
820454
783199
657539
650705
389976
411749
671372
603133
737478
369222
358688
596160
423458
392718
41769
890593
812341
804841
763800
803754
937320
806440
964736
334644
317103
477024
690066
825754
425043
788913
940337
771984
956570
130980
307569
11404
882836
369902
209009
456866
324037
779473
170962
506541
317482
766562
183123
903273
221674
871653
313803
796318
502042
465236
375170
312695
161261
501567
264043
88689
526903
741197
842306
29167
499740
986528
632894
423082
993497
952343
171764
101829
884078
140077
467016
419838
10407
30526
260624
252545
1990
681386
952711
972247
85647
672018
367722
918779
496240
307904
236210
628109
224074
507299
193455
771296
921952
263607
709630
913646
845595
51395
736039
853227
187191
854588
212693
286454
865294
111943
948210
695788
96255
955868
52447
291351
381115
838534
194765
697924
679404
648582
990843
471602
68737
432408
751500
738342
747674
613005
799620
587868
769229
681367
683871
399767
620627
146979
318222
286042
755859
377953
543567
84143
586056
361055
547175
572708
448273
940883
703807
377558
997269
716599
773912
1893
428240
321295
211885
845959
257087
779846
766180
239096
312100
555318
123184
812815
49334
450055
261638
784108
846505
183343
9017
317454
672725
808215
181364
483329
387078
407198
177940
393460
182943
855478
400992
475432
241387
740268
810341
489413
824258
865862
266354
764807
654100
719109
109357
769877
520917
552522
313169
429810
756869
623701
960197
465356
647962
47336
954329
816050
605389
449866
268639
246243
649406
611495
626340
232962
932037
428053
325898
466341
344662
173041
174083
160524
970960
82664
66540
701550
753570
344658
487940
267567
147034
392312
795271
25263
406476
745526
568491
118588
135643
296700
213686
70439
278567
124590
987322
729396
228755
263083
448174
809195
330353
952235
747179
284875
332173
106626
528512
865374
18003
420737
714098
218792
301726
842363
59347
601209
915421
857637
106813
546402
127780
670423
729196
968708
122381
796015
760949
673924
756232
725269
577831
105690
94470
347608
508861
719369
64318
706359
261052
859497
187867
149245
598447
381216
455298
283715
243773
915823
709507
547289
779364
197544
358363
199808
121364
754877
45284
909134
879402
669300
336538
979572
474951
245304
152458
664285
938509
948361
517849
442156
671158
997842
798638
214312
342096
247387
730173
288756
722521
210453
924657
720247
219187
507795
399605
660890
555971
265880
827744
814383
121196
732427
127547
839599
405987
686471
679919
250076
811567
19279
913744
443141
81408
576030
758656
657640
31593
257117
299713
847281
476282
814894
259227
788065
527166
225893
902694
600778
678414
664279
694773
779958
483344
993994
52959
549224
556880
666188
56363
412986
348664
170207
593623
453861
323887
613265
519557
711775
851148
203691
615491
14111
117174
366911
571893
527740
317146
965412
893857
275187
227975
407807
789207
406663
509033
730359
69499
862467
944736
381258
694513
272923
46588
839614
735267
778097
199255
386863
898865
781043
670351
170247
924406
438433
184799
972429
276276
524460
928282
754964
766491
484922
68035
980563
102651
479559
829003
960021
594883
228837
144744
79239
373749
681891
834830
94383
118760
796300
157260
475452
427385
213831
651078
574648
333839
353180
259275
695385
503050
873878
768466
746807
802376
758787
308630
971097
834835
612696
76683
601256
289322
636657
482939
735493
695595
627447
848578
87158
325338
412955
522274
660219
799696
157118
197188
391679
101250
831667
149388
792042
26093
853020
177815
825683
839899
370033
165076
428499
177941
781599
500668
514485
194022
365644
109615
90889
788615
220985
625389
350232
823340
430401
293101
204017
365802
718718
472477
901986
537219
282251
675703
954818
407056
432483
586749
539563
504073
731944
39761
885510
143796
67072
983667
589439
543336
364762
407767
242903
971837
554831
787490
151447
715795
16099
36865
635682
660475
728106
65190
200100
681989
948615
881632
267879
903974
789968
63318
767108
583558
692365
241888
339510
685220
835807
791491
880586
384871
604734
412998
564658
314754
725915
245877
523130
760642
129060
389874
297746
104567
870374
998770
712841
948285
746188
839451
525083
180070
436165
671481
739745
969477
76548
93911
802406
311193
197729
179456
172890
134869
539485
470354
759136
926920
859074
890043
131010
568942
294441
554451
915716
162258
255253
176598
346006
184798
104189
367932
423202
194817
636327
865783
414918
159483
678000
996041
422876
290504
802024
761535
530420
614503
123994
33421
306723
824005
420841
217735
169013
559371
598933
533562
963453
121217
941021
238373
419406
607837
176511
443031
117506
960620
797019
919014
40439
487132
628470
426505
497626
538532
909913
220563
438811
734032
777561
504141
302656
105196
925298
581166
963221
574348
936205
746937
82817
459511
24289
464947
419509
669998
25525
971136
521789
383644
632195
164250
168121
269339
470649
997996
120421
706976
387865
264849
348819
174213
34304
862052
916731
347314
832323
209731
412393
383270
375029
966757
783060
671911
488453
865877
671247
378756
592964
157259
68888
35652
843525
655397
891214
777261
322589
802695
432704
473074
944842
442188
813729
3002
590000
883303
693847
251785
576254
496347
326962
651149
940976
634835
30970
911879
167085
995294
474593
453972
807248
399307
248343
140824
514628
27678
433021
543494
679432
493356
668593
515405
773650
200280
478792
67490
519824
436522
346009
730342
663049
511241
833526
408821
455394
335829
866038
831307
47741
368739
898670
968018
379772
646486
441022
166540
183075
5526
475655
525401
692379
391344
964986
205542
370899
386314
213580
124914
441473
531969
97734
210878
185287
197601
547000
504913
304304
913600
324621
366757
141657
190071
204154
824817
253996
414590
210768
407124
430088
946915
905394
186523
764861
76007
580512
437231
891891
796725
710833
297950
816490
963904
359391
192708
922011
441848
291900
526677
617406
96424
774659
305226
112101
64879
890506
721510
645381
69208
343955
171556
729749
100505
330881
237887
625936
997
650663
753181
684116
813294
999292
301785
196972
640826
503019
145900
372779
211297
754823
153527
638639
699937
239260
116527
664837
638429
338784
981733
479403
994744
797001
702513
783216
833802
338040
526330
942904
297598
547987
511269
126748
605768
37488
930072
643182
410821
449708
339882
892890
115504
522524
561193
310631
986110
418267
212359
533725
605656
144707
806113
224193
867827
391799
26413
759612
188621
615964
968256
738202
448389
131303
413754
975789
355415
835985
927119
21138
352756
941224
630578
344587
485946
600255
225888
83404
567253
927622
373894
646673
711089
498228
459791
572204
849243
968160
822222
342045
276723
499375
15941
731033
500752
181736
592272
786285
12400
398948
53553
20156
784602
8737
431545
620516
977491
766645
262735
67775
818872
138591
155104
730117
186238
704313
844451
261775
462020
800521
770311
196662
100882
538680
947260
901530
601649
760474
957723
389247
204902
423083
407411
534033
352076
674843
258097
879368
655501
572352
680555
184102
550141
653035
520009
766814
529747
881045
425616
2447
257220
889911
469132
861293
183422
715512
975386
77761
203070
622529
236751
60103
67598
299565
683977
343925
867103
434460
69904
621083
441214
560806
687272
335589
568758
960301
775797
924862
306755
217164
257035
89231
813038
36524
766546
991717
587466
202229
632850
712561
425225
199392
691361
996584
189179
677099
560230
968651
193893
289126
957641
408833
788026
485547
911673
511520
470713
279211
870681
85322
807394
374242
713160
349556
874454
918380
208011
994818
327434
119730
753562
232270
253927
539580
8772
298824
159106
7851
985343
496567
335795
174654
791632
12318
134292
593041
577683
496825
422552
967207
53032
546726
724485
546396
253306
419425
924303
238013
383085
535720
41427
453683
500259
928125
797612
367130
456171
997258
553526
138159
144840
584862
151517
7592
214553
132438
456224
607774
725801
831703
619496
663654
666325
975351
108607
17469
475670
613883
345839
522401
356075
562619
732728
903676
924516
99426
894892
32571
623948
197202
102187
816702
847156
244196
239415
994216
981656
96333
760819
880917
354353
508380
219709
614763
566998
630495
956836
55626
850192
28581
598472
990941
511353
427615
609677
439826
833807
124896
781755
679974
950170
303940
778166
345561
67512
19692
385749
591041
775874
552039
613472
306683
124253
983340
405355
471036
998239
24835
980745
756357
446939
202948
337839
11253
613643
270520
27367
792312
543961
851228
174701
790109
898954
782723
101290
468870
881479
924571
344522
276920
755978
747976
638332
755091
820065
730476
632390
527963
635746
637768
557122
510324
572268
177980
163512
139373
21333
498666
625817
132019
356917
328057
766358
325222
887374
548341
782619
600584
137622
573908
468716
943953
128675
230292
471578
468641
119859
756863
261857
792077
638484
580176
890657
746650
786038
403056
860087
231432
794635
784409
988216
102341
87384
990940
784202
831683
251804
373245
615326
740771
323609
234556
869325
583632
551875
125039
752846
295529
441476
175818
445330
522966
289642
50561
261244
104828
859310
102788
69696
237835
473122
903913
979287
689268
216694
27240
896348
209656
642662
441599
321095
600220
14788
689654
294979
657209
365661
485373
118637
435823
712075
95409
6315
666042
707991
455165
614055
365725
178504
140061
621415
487162
682701
60926
669131
926275
611906
804482
696802
375243
393186
372831
479400
577078
705546
692263
572064
663183
785254
412898
103050
605944
665018
695063
444994
114108
600399
835818
587061
523777
926520
659231
775744
587161
862911
437372
871783
757623
872113
997965
21422
7870
734851
972865
477719
360053
739488
11570
347193
970775
438032
54722
654970
134343
478278
101281
37033
506849
182854
798250
463098
258540
357489
741869
60575
978987
954478
777992
785599
449043
756343
650030
777941
320982
535869
389449
60968
416350
949433
519164
743010
301461
248081
243841
497168
991841
587363
935090
957621
826413
495472
395299
173835
358115
364840
6188
603991
494070
109070
783556
830120
58715
271367
59400
835628
885271
533509
27868
869166
622515
454731
704360
930800
509197
795612
498884
618208
236809
774340
109550
983227
400100
435074
928824
933947
509224
12176
957375
960446
564220
359313
923669
970293
939283
742998
53120
167365
926149
344205
321692
156093
132858
913671
458523
583732
525058
442148
699885
638975
460419
947742
815355
963853
895370
796206
771916
672479
359298
357470
543242
982822
532482
441837
639903
269882
881920
96344
637626
149493
739171
98315
329326
332650
586999
547684
157625
665157
502458
930592
574369
246593
97683
584100
887290
578688
172898
898922
560773
610762
43314
985350
362675
736932
421003
867988
903111
448588
709669
668608
385241
630416
481590
885362
701942
371080
38636
744532
948389
842806
741239
783745
990277
601080
189501
56587
195282
411303
935729
257705
857798
375888
564414
22012
399515
396493
61277
762044
193775
733759
512838
165443
330625
706025
696322
209462
346392
419436
543583
793036
561603
427355
263293
177724
379323
227642
624966
10823
932644
20824
14459
353503
315186
104134
541161
505395
736297
245939
485178
561560
901949
68645
915431
666197
151703
165782
212043
386059
590329
793257
83475
33279
616440
551367
683410
613830
647080
816283
736561
111436
576087
620070
284996
414208
277039
785599
324919
787039
564479
500203
711079
256284
503059
713365
918221
321769
697023
678314
612181
334373
493243
275603
279565
171042
451944
68816
182584
32593
533617
735982
473731
835789
30348
266020
804111
396353
234784
245968
237
158390
207233
428553
372520
103676
284118
718752
772859
3252
895708
647672
243555
376569
659715
81727
696911
7721
162102
400648
809269
726291
75320
710919
765822
252927
608106
755368
963105
328084
401001
467596
238990
90538
569556
262689
676544
432045
747691
694812
948981
224938
530195
358166
310266
432633
198582
910080
553119
269063
961863
199045
948491
759039
33635
342075
659624
751573
645459
999684
441022
951471
554798
253383
37534
214768
855643
278086
204596
338529
180724
582877
616000
985406
809799
724438
343710
189275
733366
945387
599233
463857
240382
604889
988094
119945
875924
856285
31812
687940
952683
40270
274090
209733
5587
975254
856673
400187
458875
790414
494025
507406
319383
624245
283295
399333
937884
813773
855955
697234
944168
915347
758007
808731
108736
127705
767316
416550
690545
922689
43287
662464
351511
157080
979433
1098
893820
116364
579228
506752
570008
776140
625664
955943
629687
848891
340630
763731
799992
588112
951004
909906
258929
877388
516103
633848
987696
700569
157071
235912
686748
507324
815588
36476
80379
486519
507582
842994
962957
381566
354066
784435
729045
375507
461216
802464
814967
793344
855081
316795
325436
320177
988607
650383
559795
830123
557300
338366
820787
841133
389876
660453
759611
213345
169327
241325
933370
282367
151150
770161
864618
536191
937607
980487
938710
601464
886700
511021
906429
189594
719133
562002
871759
712965
271358
585214
522516
505795
182339
924894
647532
536681
201351
451440
829105
979525
715516
163911
423736
816388
798653
77691
738743
943907
594752
92849
492672
898256
738407
256387
449707
981277
55285
703051
798995
791455
202589
561169
487286
183657
388022
534671
965504
235296
8780
641949
54881
976955
459856
906429
524506
693146
726255
363397
974104
185727
791615
249893
914423
324205
251286
634836
405351
696411
37237
676764
517740
883221
598370
432382
380863
69872
282003
529027
936210
397544
450310
124512
243441
347672
276270
753348
302852
451668
571143
447810
211121
959846
414987
752662
159966
682276
124413
44310
210708
147435
902178
813174
341503
469370
921231
799544
333650
181997
254942
604270
699911
350483
92026
517421
451140
945263
377050
185552
549785
581320
908235
560806
975974
193453
38309
439673
865754
823881
690655
410364
326806
134942
797887
995472
780143
608034
569897
272179
733586
898099
775769
420165
828610
185847
299436
862200
492158
113620
586840
912404
434430
759113
139325
340453
557019
624679
525075
854466
925838
704240
187074
32442
593808
831562
17168
61596
474081
97376
254260
28515
942309
363286
75146
327228
109992
346086
473056
959478
125954
16732
809453
852869
55510
17578
338401
712947
61556
792745
449816
513700
16159
774509
64104
874052
136872
169539
485337
189327
863929
956425
779188
512892
997166
724394
517428
123975
698461
803638
350297
692634
502518
744986
102300
36439
631878
683136
409405
486661
747606
596358
536376
494356
95216
609107
944534
940558
949761
522908
536927
973980
206554
383794
44397
849011
106320
123973
213659
749465
884548
960761
24285
120664
385213
619683
976362
100285
910385
212320
232851
892685
921571
547730
782967
376198
753766
837112
621263
519117
94271
811625
527205
5945
39144
230445
805986
423418
868081
457016
388484
103911
394946
658948
388718
656932
180475
921225
983641
608108
925372
282140
739369
323137
659968
660258
571802
732269
959140
243439
737561
604339
512006
383935
314671
657175
891592
368591
301208
184839
930484
83225
988082
935397
245498
294443
939921
820914
130644
586595
686767
997912
844682
294665
743169
466900
162449
162633
210788
876542
328463
304907
407990
153398
33722
386097
414850
302125
446878
25580
536787
662797
956861
654843
107433
207494
608464
174146
233865
239350
444460
428611
243119
835124
134592
135739
349599
224890
379835
617691
616410
708652
247434
896097
103595
494153
1023
844947
606816
911149
498829
661080
989526
120320
351792
416371
44142
434879
298153
944924
602268
671333
427175
775421
305694
276405
458434
864262
704393
957351
691680
63917
173950
717677
419898
168454
477756
628128
987513
786874
760079
914828
259770
645735
937767
942292
391153
587156
171587
245124
656361
165199
490956
733745
162793
729893
309566
191631
730610
622910
539009
92431
506022
528978
738902
730162
295683
507980
907245
104751
295820
553273
532435
473469
145416
581229
721480
674238
112548
895731
85807
810376
736051
597102
220830
650640
744982
751120
369429
594677
518775
479414
352012
419623
843247
435103
619493
719090
543688
404552
555713
888555
841500
636069
288174
566581
229788
421821
182270
329456
158893
803
924531
858048
172268
26444
142166
350133
380242
921234
399207
797788
85043
554692
223022
908001
293088
990951
863920
291679
788781
334414
505213
732230
459981
742417
469030
938472
210073
655533
868493
313888
186159
547640
476309
747615
482103
385023
407735
389012
235969
534334
359094
645816
709962
467067
295403
594867
504798
475327
528698
434350
393943
299570
57317
509942
149443
830418
120063
961929
106916
384911
132856
586625
453201
823687
625303
642778
568249
851673
524807
355682
513607
207208
273736
735676
655522
194158
924230
548240
599500
540090
669959
773011
87978
249543
618621
670958
540514
439419
319227
194509
23712
434745
380677
470855
393972
369699
775488
4453
586197
222959
42312
519057
815753
122852
410528
552157
607132
152754
943940
932460
533965
241388
381275
672257
24009
578275
10568
522722
14479
442272
441760
951016
961458
326653
694262
733158
306429
255520
388497
408052
498672
909781
147711
472151
320105
50504
516483
170702
943966
696348
633961
49531
353863
253610
38075
268141
814360
666905
174348
248710
368428
92182
99313
601294
274365
313328
673359
796883
605584
762323
984528
132538
124526
974687
137392
701479
83852
14821
960499
778436
717196
928766
287673
581682
78300
713543
523177
405258
898109
403580
201995
141262
743390
7856
110130
335154
795494
246950
619030
642112
644177
762192
27968
524716
162290
507681
509342
758708
802070
872401
901494
892979
423881
837357
995704
711556
244914
378072
306092
56461
885017
232802
566346
183663
132105
485954
13160
136264
472337
89011
351822
454179
646564
53225
472293
167997
388064
460975
929358
234229
663852
922975
682064
817743
325242
258621
516201
90788
249772
764912
339909
999722
813907
247197
938828
814492
437202
170081
96854
288582
672417
639851
53242
409711
177517
326581
156996
342754
344413
207773
139652
202139
47984
9700
960579
729611
305858
196098
908497
71752
347821
123235
393722
624788
354700
325186
624343
943112
887003
112481
717184
960926
31546
975010
127071
178520
691537
572677
380128
742095
7373
370687
453572
369051
963527
39667
872597
748380
113734
454351
606580
205923
768283
550854
817102
898881
794091
180261
2221
278249
838217
708628
770602
487620
37505
650348
83969
112082
198834
217455
741117
962871
107987
949032
61906
374186
297238
607968
643273
311541
657641
141562
484886
783401
203161
163308
413061
494882
677457
70618
649683
358643
936257
410065
201497
178221
574618
483164
413219
180561
979125
566983
257311
899280
882899
591854
474353
113402
707775
525632
614627
276107
750736
455510
167674
861071
312587
220202
586468
594926
652645
969461
504077
380440
727845
473641
599184
208845
654696
200200
92234
465609
797630
563871
136331
748171
28530
489955
739878
345345
490280
385702
593000
744018
911454
789110
879781
397319
119637
558163
437422
340119
839177
166730
158558
693965
49499
841842
829396
173400
206992
661634
17787
48879
397810
884750
887556
949663
535252
864604
802229
288818
440563
549543
905691
549182
963512
831919
704475
555271
421979
562811
646439
504722
628257
625837
712908
744391
515461
641280
238951
683713
603573
370208
9591
358198
300083
251429
703886
353918
143388
271470
699746
469569
722374
720342
65216
598914
824002
245910
572000
883650
511232
29111
337299
685650
844690
542897
208729
518265
585289
361317
378575
662269
80188
170804
382789
942162
459047
664890
470062
159708
842735
305003
351280
591011
316035
485896
142748
811602
672351
369917
367800
764268
105386
946266
149943
814540
855935
759084
168842
466647
378057
421944
429711
36672
957960
686099
412904
735095
259376
820257
172071
144559
961200
699816
670053
137994
404752
736016
912690
843364
143859
210937
320486
737145
425404
203705
421846
734196
108493
924528
302818
515861
811
748810
920556
257533
891390
360913
598627
652313
206708
411885
835005
732073
649796
832505
812675
488172
342288
729090
477510
58090
387747
751518
862319
59549
1242
737959
964980
515837
578720
868179
153191
489447
139986
508593
858664
316201
204609
857090
555451
839276
702485
652146
541876
801791
87566
653169
141647
305468
525606
549619
859932
155673
313299
93056
769431
208077
171112
116984
467606
291676
167323
333671
489563
650433
683425
367873
54665
324279
802998
540730
386996
571173
350265
262084
333713
270820
664627
951974
2892
408430
947000
116790
493625
527268
118758
431539
421730
614651
761098
983617
73406
475461
426531
921153
643395
73048
572670
43148
829843
207453
918336
287245
687185
904503
829634
28600
125207
516109
107158
55403
85952
437046
102121
133087
132192
981312
459265
869195
211731
182045
588837
99989
552755
400235
361755
846069
107043
716510
718540
727209
529288
157325
69572
829711
889304
11797
948758
866210
730570
568494
874844
922963
148269
445384
963036
518531
820181
451297
962951
91291
589423
745894
918619
538505
4150
827715
435112
420247
8062
877321
114287
388393
320814
870523
569701
39507
376715
653877
551960
576149
741423
983866
336745
157236
805784
358104
568823
399414
537116
656058
837020
813433
321466
701770
387729
637296
409421
456641
774253
349947
978586
696460
12042
946210
799432
709340
731912
684847
842351
466059
318507
462885
482184
747750
735968
316256
105861
803739
452253
517258
616122
839936
854694
675767
804664
95101
982315
553182
973819
237336
484942
272565
703737
143195
362243
803496
459354
264100
7377
88885
24327
734729
351029
164327
464668
693477
514533
786412
428151
877252
651314
192277
319218
301927
464838
744171
208237
941556
255565
30056
999748
652541
652593
593945
28640
602859
767293
673166
357097
542727
534883
912890
624921
118692
975257
921198
822060
888365
779869
892269
357107
697607
367514
190699
958280
70114
766115
687271
506844
395809
660828
862882
479980
967971
94711
531642
228115
712302
83740
925032
772920
340024
393186
93715
991207
893585
107386
27406
176702
697008
811372
501493
13246
927320
881977
179295
983361
12262
956638
945984
956874
183482
323258
446302
93688
769280
638791
73262
187797
610010
833028
161803
481611
652396
363315
618898
724342
879427
734654
137820
716181
812578
545077
932121
937817
636075
216434
116485
453152
830055
328030
964426
979835
463218
181132
666034
732651
17798
183811
526279
525931
754018
450073
733386
956199
141462
975354
357964
854282
218286
800008
887852
441589
736312
745565
969389
305419
995508
699179
99826
956457
620312
316741
642265
390899
435581
631094
293106
619594
941737
901647
982939
299545
605434
987583
513081
377231
806635
418010
313109
524903
155206
912572
788688
271266
2982
476103
406916
239063
997928
14279
346297
948512
934318
289079
684929
649014
702223
157533
171825
54807
897118
58576
925692
814819
75990
723610
775597
895111
157535
798072
311617
211856
120191
462206
917982
316705
691040
452247
410036
485888
391737
351978
916399
87370
175196
547033
724310
837703
117148
302371
557763
918424
129561
107497
780415
152653
612266
544974
591673
214355
595365
328055
150371
483530
558734
298226
467946
948533
195097
79219
436176
162635
91741
42361
218215
436074
140568
747663
886380
249195
773785
266158
602301
22992
440398
851199
28408
602202
723818
364735
906290
78072
712370
732924
312913
778393
252709
655612
23495
100066
930246
856380
264811
829052
486023
643030
738933
599492
354196
732604
965782
699238
516857
235104
19890
450628
720944
327286
331579
776911
533515
315537
297003
943545
963770
166762
876958
692737
553338
932800
730505
230125
4379
563609
813403
180118
21483
640870
523630
406813
91972
967364
276266
863483
942895
372127
516343
93303
972852
378609
634652
802032
386240
911592
219641
8986
610608
864870
805149
899270
718976
749666
128709
752345
83979
200299
866674
615262
267710
575117
816101
848824
196893
808972
460922
409968
670833
82893
719967
759469
712973
814549
345967
668289
348988
502888
934127
78559
67786
273107
680995
347179
870635
406150
456462
476586
711563
804377
722693
746521
390322
258159
577775
626265
424851
899768
978267
734919
486770
880464
37246
170
766193
323205
560712
42566
834741
279798
48481
778573
170169
363606
926149
903733
797615
555664
652857
451429
620366
958533
817704
12616
808317
384944
652319
985668
841050
487659
97186
782085
628007
106698
429609
887027
991825
7141
199226
793794
150431
439092
677540
383015
65908
525842
462869
499368
315456
409956
151833
465932
696905
176467
973423
68466
522514
370933
677514
649918
551013
676297
51361
145262
202882
637793
532979
673226
430692
702746
769499
492218
70572
965767
187147
735538
740397
578668
857832
877832
408595
929830
537154
821669
842672
41768
917422
829658
13540
447840
773634
3594
514921
216184
767981
221637
4601
28344
927344
177462
869404
210568
110141
172914
14865
674387
102122
231728
651096
906760
427474
268056
539802
259898
538441
960244
516406
226791
425977
808707
876330
955222
913694
373036
827353
840153
559706
550224
657086
90482
520181
345208
243566
472786
659445
974573
506179
637309
566998
832423
927595
136265
726567
242845
64459
600132
593729
615803
724561
100661
412964
73586
893333
537019
135599
110249
400491
394515
587132
331921
507655
42357
694358
820374
589005
792477
221272
42545
879669
35943
3235
653658
649816
516627
612795
401179
556889
223337
112830
953856
528818
380790
33667
596139
491418
501236
821707
287876
727184
161735
768166
36557
433479
862756
86246
210643
217454
189324
355128
921600
821339
947958
286500
554958
822291
325259
210913
786390
561656
27531
627349
267782
165328
406221
22057
510193
88430
986467
983814
583553
982079
527836
359790
322375
329459
411299
481145
977651
54725
542404
583210
180255
575977
910351
636781
951429
812114
429333
256687
193362
256925
717903
59738
79890
680989
290975
42988
472138
725315
807918
484723
324388
268010
677812
503079
329925
607997
205717
567843
890043
137926
771305
385154
877650
951827
483860
28562
977029
548359
935828
118392
531730
189946
7322
75232
832870
83342
830031
925022
382136
816847
692023
232550
851634
651398
766579
22372
935561
314779
317536
646969
650414
177060
287965
427987
392796
510990
560555
313832
420690
636134
933293
1871
307035
728389
446414
422011
502152
974806
252609
711956
142400
377221
739620
958772
849262
342918
601598
638651
961112
223743
768231
231183
150544
955539
552263
100147
645443
687372
319926
865155
464558
715748
387267
349513
961649
747312
272208
936000
282300
413098
662683
209443
776102
174937
48791
419952
90844
248927
768312
887998
597878
162527
618638
566456
867813
762377
832905
346101
64841
443203
699227
382517
776863
383669
94715
37243
948120
933873
402693
370370
161604
510718
908542
833949
197805
682688
729782
601454
666689
988293
718214
585090
983014
604526
885881
176008
759090
48824
170183
641516
982835
853094
643132
834709
472296
195085
308472
150967
145939
393083
384527
118613
668838
424133
172304
989527
181018
407468
661347
861187
80223
476203
946892
311899
990254
818464
990028
710867
459322
665748
413222
948910
807556
841129
449407
499060
132686
228255
322591
110098
428967
322243
133844
115150
861029
49332
824949
648805
624433
211923
410244
722498
373692
391623
520237
131293
525840
473897
577323
790383
944897
358163
975434
683021
105090
263744
181319
70312
505876
344928
407571
337824
739800
986427
983030
145856
163270
8959
681169
559898
433526
368744
55676
410880
541340
662666
174285
711388
620561
935038
905850
763821
469004
422247
860694
722079
912687
80224
823223
449605
650429
979844
124729
860213
634922
795353
553307
368832
769675
476633
970694
624844
217197
122655
176878
686992
586369
933739
344977
674796
608757
559570
509661
396515
445405
906949
629743
494198
58064
32507
986549
635294
209488
528190
375988
321253
885857
648591
998693
212385
27194
743799
29563
871246
599769
18156
680256
809031
767281
952476
738845
973089
521663
554968
556152
993444
636923
108896
800824
429799
644841
863559
842596
195783
228558
392963
447273
573891
714624
480275
494010
548663
315159
591053
34898
144499
380736
767555
724245
340472
37039
487505
800916
289934
502324
486982
318383
414661
775975
677293
706901
70918
511358
881527
605736
876884
487997
81222
401787
556197
888972
875928
159677
662743
874980
401998
747055
360529
728099
786648
745361
217975
671616
747776
756251
214729
565656
731151
569575
593561
555239
332255
623596
193703
953746
258687
727076
340250
477536
862140
205263
325277
935561
52306
197841
13716
331815
212399
229879
28154
801225
270688
803991
853977
25959
169179
65045
183268
831023
125544
830914
848884
952254
873004
615326
907934
356970
127123
154878
487277
885500
121113
364617
859969
409147
876662
432604
307587
872035
789284
290894
717507
407285
134222
613133
277425
126504
735446
418663
417845
518205
50179
188709
830379
440496
185030
357842
220670
573770
892839
338137
463136
631955
759313
814924
955875
599845
216310
159681
943927
792540
292512
768791
961601
989098
811350
501334
309204
776647
862567
149236
536270
95749
224022
546612
127377
599809
569825
907881
322205
727926
764848
231513
148167
481963
191191
188988
52696
394509
327624
302052
127173
254935
482648
540854
973126
293741
305388
862358
997717
400649
555840
696545
29508
512844
928659
734612
92795
547894
589939
900170
623565
379889
666208
108834
394807
268168
969184
15103
441332
543477
673439
391400
900736
215319
831424
410384
794407
209026
909636
251633
899848
662129
261269
455761
218923
132630
949552
216615
330044
352914
720237
528022
581732
920512
261933
763480
333635
529964
391903
133878
50443
16034
100014
404595
878460
755168
923787
230409
426104
927917
563090
322251
458562
657475
22300
747881
787799
847143
427616
40338
329961
136346
514502
180212
792756
359847
787082
197215
261439
441885
1161
625031
612785
441111
24172
942312
415246
522423
115374
292932
676492
699057
648331
375048
774934
334787
200070
654669
890588
311939
395671
516602
836053
771408
61872
763334
872594
572970
253355
114139
663808
27742
251794
469590
796538
375066
659850
615531
475017
475551
448860
667046
87609
454291
202337
460812
476825
102198
113482
910880
483598
296941
323338
108225
327060
206330
507680
131376
573139
162893
645188
223216
950553
213043
233837
140294
814522
949037
927805
454048
807041
352284
440202
122706
614674
956887
20426
867643
400222
112671
791834
660998
455425
771434
281387
401164
776891
932251
347786
266199
235017
911315
206922
189314
547679
679521
567503
541884
31109
114453
600954
424747
434059
957682
574700
487021
833322
826753
591353
709497
563449
803586
934699
887716
691400
588926
114544
899712
917405
108664
689185
565215
893833
813761
137711
131189
996517
8875
801452
748763
399854
817173
165556
488240
546874
78758
640246
298778
900119
184469
441890
579754
208767
949284
147889
672222
872377
357100
233740
2047
909390
153620
480346
847275
788582
186203
344809
349741
696832
177685
565624
190664
513291
416947
787230
765267
481827
283834
803099
117502
557227
139606
828922
560690
849411
582856
419359
962711
723878
940346
384115
669039
483683
671347
544296
465759
105270
3237
284459
152270
271555
341540
63846
635686
32494
806577
639982
725112
235545
864821
520848
843324
890363
767049
422771
912438
220506
12658
224042
370931
934181
114666
712345
724338
876016
811929
581440
172576
410124
78819
566825
259836
542786
937626
874
523226
48940
423572
627480
98243
644337
49752
165192
658681
614555
574770
174531
117848
333527
544550
999429
444247
555464
371521
31730
978542
395527
452043
622294
540306
448828
60312
844759
990492
96722
527485
267450
257800
506010
477856
696270
98392
388286
5417
580025
300952
145887
492309
756381
639549
918286
396969
217382
351271
237412
972163
66482
951942
237951
258699
319134
749720
668057
944969
532009
443856
525254
121745
59784
140178
938314
941145
959494
565083
274452
77547
734868
218558
684699
154485
800372
967497
452116
256318
212222
624774
133197
438323
893774
388637
350697
123104
171211
255575
586680
599034
641748
461565
191090
597848
757064
939295
336081
366850
314418
768432
475592
173922
313616
927183
535715
836632
997631
862369
609276
574249
284932
867225
801431
973271
750521
852889
575323
510219
203346
981298
274798
995503
938187
7304
734955
116120
200688
585105
294659
20705
550344
781564
302701
613971
980383
602286
21387
750464
94127
471207
166747
21615
498218
448195
427670
286513
717799
633181
972713
80338
512678
261134
813261
3563
404737
486227
40901
210580
862322
855052
772723
96632
237755
933537
547544
990465
613366
231487
599463
377009
328633
122560
75524
167954
649573
131689
780254
767110
57420
310285
745765
808120
203388
892942
828330
249523
861740
934915
492755
812689
282882
345013
684663
537675
820415
764484
457116
948656
535944
225255
508362
160177
636434
928465
759371
768601
66024
760750
67458
158745
556956
534924
926566
406337
385800
520215
941401
45771
900736
987197
623273
949842
883990
401136
101666
262304
874248
126666
81869
75620
813898
554762
813002
786434
844268
582268
160837
793669
995113
355639
208856
1648
108683
502144
693757
599922
818173
863116
908334
489335
131823
939427
668891
344091
697504
172640
705223
512121
20107
918549
386688
223394
197040
609675
200441
374186
663741
545063
112837
130076
948377
269288
197298
190733
518990
53516
807232
351886
710992
540370
608445
79419
2286
9883
451774
332784
787668
403498
463804
735771
166842
252234
251976
876909
381677
321487
855852
118442
159608
395252
744928
25441
412143
723619
620390
137077
329687
639572
967363
357785
853813
158413
174042
955482
608178
148551
69350
74966
238504
148849
947475
365322
212043
253902
590330
373961
531958
137593
604663
910601
434769
919561
378665
557848
641629
435855
723526
176428
804380
361020
964504
41111
93920
860576
518680
752409
560814
524685
591013
497935
284749
746650
931105
874122
752945
559235
33193
882555
154751
293614
36911
962570
437309
79752
457653
461957
985880
658382
985255
548341
763216
706664
851158
300877
301060
888815
620429
10812
748117
179215
13266
144034
459002
328520
733626
47262
673248
180238
184041
648518
167996
740241
479526
307888
853422
688087
417623
628141
968979
726852
979485
106006
295271
82684
100622
178366
749397
376543
974923
655367
732638
773171
542142
372048
431457
873248
551539
82572
158348
583380
310735
320622
355296
146311
820017
954368
220506
278616
493091
81875
549251
87254
553788
80337
188502
973212
559382
439598
887433
801172
450600
159101
44410
984604
395711
197215
349495
93829
855518
2326
717290
819000
735214
291255
530335
360179
374307
717502
93428
334385
692974
963195
781916
282152
810904
156523
335439
794156
935042
978850
976082
118705
346422
193955
77790
648685
835753
100306
902576
605532
134095
731968
116780
247581
178715
532838
22127
980026
991506
287150
300144
259525
581963
888298
979857
997661
537157
957671
241992
509136
627045
588828
180132
492634
171914
934589
432191
284684
105039
606125
370623
509256
635036
587664
256520
735529
738921
384382
451842
931519
170129
622163
995778
60087
67342
245795
245143
938778
368663
37131
544692
389612
60243
133667
142325
868404
374968
430223
209615
45980
240965
85813
815961
870382
68248
947208
505649
578622
273581
931907
797772
88999
443955
382066
675230
900589
416716
38634
662178
379906
273634
565337
761862
471716
393953
121272
363639
945955
79380
113373
468676
122368
794783
41132
389553
449393
790038
780718
915099
862274
579577
208186
686467
67541
361102
719375
918840
787530
372377
399044
279845
576442
968697
688854
857013
804444
217506
64033
484446
161354
900978
827562
570001
852830
747314
998105
780796
393398
399852
331972
505530
65816
364004
666213
102809
280558
634612
174382
194693
95922
594695
361715
173525
106277
102258
551238
166962
263736
72234
271585
600800
484750
191718
959227
998250
970457
42834
915325
69038
179425
818348
306702
849410
5475
428927
341195
711810
848150
853562
414226
910328
869961
398381
826365
459622
915752
724703
371629
593138
706973
25358
46396
867119
194706
911428
252116
820804
492437
770386
168926
463931
67669
843372
15314
695976
119497
393440
802605
664755
352752
529204
558081
422981
352243
137884
647718
324555
33894
754581
897742
124906
177005
553953
147894
101311
566971
443871
78713
524945
193142
865158
666687
414806
741111
121854
637010
537502
608301
884123
311121
984352
216608
538103
830269
331936
770771
369322
882160
875449
638276
535400
171310
240524
479309
997176
241172
258053
506924
975053
459565
459015
820384
39043
858916
929012
906026
632311
536467
538586
269619
877251
765626
466941
639116
416661
348555
311165
452623
210602
390753
201508
691045
519212
347793
58382
775970
220454
679641
224629
514698
881248
957878
652057
796663
682204
9297
939144
758738
99627
407577
472143
384894
574828
920492
98301
992469
732514
174958
675024
97290
59825
886332
191679
442926
524469
763131
784099
585486
462400
108746
295619
175737
613870
936470
851898
794399
575589
846155
362887
733396
822318
731368
149233
202548
687083
713067
19221
358945
45684
83500
418830
893032
413778
402374
464895
638210
924439
87471
587776
250358
942744
534441
224866
500380
143113
140945
261857
148988
509043
440981
597285
148692
46548
60995
626677
890744
92179
90364
135481
75540
593758
492359
541545
440077
528354
238658
703768
391494
285990
176883
711703
359551
907717
147324
988999
756183
931142
579821
659391
662194
226713
467380
771029
782773
785329
875631
555661
799598
640760
782434
532316
289425
632244
694724
876055
255197
728116
746932
551805
379870
95542
12041
877405
122379
665369
709638
160934
83855
849593
378028
115273
472293
729004
203626
12941
118172
988248
39408
857199
447610
370415
574945
180467
135229
819081
221351
685195
730300
74140
756896
299619
190509
66202
883958
119367
115520
574696
534412
576690
187688
241078
247508
127412
438457
967231
464701
380350
194796
352607
731146
309645
981056
544844
659262
479409
374075
868786
985459
249017
803215
131951
129611
298173
983703
630184
666685
270920
726720
246726
190993
965024
391365
859601
127399
355186
337170
992935
114416
770975
583882
870616
815616
208349
873956
357665
416316
961355
138096
250756
657454
185110
820856
130432
565687
644673
827649
783474
755300
974932
677297
59144
188249
903075
572042
471326
245097
735737
187348
172855
252296
592802
388249
83417
979928
839250
937482
108101
179871
479605
202111
124497
142106
858260
729052
671780
89962
431969
734223
828366
188973
830303
306741
653953
900520
414704
976156
399664
477728
298876
995043
734659
751624
384763
10686
554804
631572
508256
217110
73993
498988
459555
262669
835374
416380
876009
36511
963246
176488
917777
79076
370126
406621
448797
197746
748678
602051
84155
691487
50845
134478
233136
921188
665760
86708
679072
301469
535422
561593
384572
682860
693187
510693
117704
842366
163631
469719
320711
490981
920051
615412
322822
42853
760583
89528
811203
203594
94122
515244
106744
706614
96375
908536
748551
901625
426529
994960
781635
572121
330315
402122
448856
741873
89415
197392
390489
168821
35816
55921
67492
78611
888197
536530
803508
436725
665037
865473
952067
12195
65794
163626
142298
659334
21524
929762
92470
559367
180123
977249
408601
955606
889647
849037
189930
93127
422887
107313
118537
97174
153005
547468
158835
186443
271163
592966
766095
745273
239604
387261
911059
112480
16353
673214
203734
819634
814342
856144
9266
471027
189536
502250
110165
149113
135486
228036
439013
888147
389177
188618
620621
138054
983314
699565
395881
251634
194726
432340
871754
808404
915536
272753
143718
199333
196315
796846
381087
179871
151522
164101
222254
19807
280327
663535
99564
986917
929996
695028
17917
233849
771729
602913
392217
496361
605802
320408
568120
795821
141084
680897
605146
400491
663157
615518
518960
111701
468485
534077
502570
197744
495868
314054
392222
373744
405154
507956
418385
330432
328749
910753
393958
1373
11842
423481
808225
150114
114891
563729
252630
175134
555697
313232
893618
252321
444534
193483
874085
111126
106994
924975
245547
809994
403177
343767
163574
566859
986565
784062
925306
468203
442740
833358
697876
42468
381344
476439
917592
907413
163591
480411
768053
715371
5176
18630
93703
264603
694825
764539
189241
693451
324663
792329
21013
517136
191674
173436
588970
352722
550916
492624
686553
636876
683639
370753
846588
64688
172736
582973
594930
216039
681716
774139
312587
301174
275205
403941
995533
902652
443297
609201
770337
257304
466727
919374
20573
157159
722758
822201
674287
513771
918516
595566
673442
150215
937864
249020
898128
12262
910261
330033
562021
754940
249252
267061
93195
226469
921389
807539
841719
815337
397617
62130
600464
436577
383830
463362
873399
881075
675104
983569
851127
975736
37737
788637
828939
714495
320125
322372
544134
171179
192916
856567
537379
262007
546604
602189
285993
237274
407299
786292
684282
864133
314990
3266
19897
577098
955033
870057
465686
784726
766556
897801
536952
894175
793590
367072
924934
123033
241320
353884
867217
616417
558384
619153
288417
307261
107168
655814
955162
868475
211803
344426
952266
49397
173036
592548
868946
393654
371843
89480
984559
709751
214669
583205
106405
95170
303663
507835
919367
398712
539550
950346
752229
997870
364446
140485
458834
687857
950548
88550
188560
103786
294666
770011
710235
559325
758336
62366
246799
139
957801
194466
608118
668088
916105
946153
950258
390023
730664
841074
973251
217537
539955
967888
497014
635700
724016
286294
618731
252152
230684
835311
806337
649805
276708
762378
160160
683424
54716
818994
733218
956524
330846
849531
805471
566461
930082
668248
461907
858577
909366
340042
451182
165719
14139
391859
109753
19801
104829
557833
704416
927349
117452
988646
835296
147718
396475
167163
415949
783267
885685
536357
906112
590845
68535
182552
282909
390892
778797
906807
627837
293955
941101
983878
745276
924959
715594
367351
805792
971519
786518
298336
131876
143501
660472
719118
876385
31803
83365
871475
325144
225865
520126
526074
576670
985187
781446
506747
252644
338342
404735
66826
512930
942979
439136
771562
370016
807612
782004
605855
191073
274892
596817
947745
783596
395683
664372
654445
336056
743823
19830
502901
824883
276214
15789
165239
516591
269376
42274
380075
635114
277585
526698
542869
349752
146356
905123
57787
44047
605587
615437
491633
710447
133666
439746
374928
218092
300636
153811
681221
714265
561510
107457
674181
665171
468815
493333
567774
353831
964217
886620
194793
132897
288017
652739
630556
588082
790905
240074
141884
977468
272776
243880
80559
619070
319847
168316
578287
236439
726172
78891
754459
396600
848355
536602
515367
215467
552824
50057
829876
829626
181490
104074
875515
819965
429577
491806
636898
901252
890488
288299
178673
146077
84734
644315
184222
349506
311550
765587
398468
704226
447750
675726
711474
313738
531948
210838
366112
605872
752660
833119
519037
936604
357135
453824
205540
439027
41566
22286
284140
832610
651924
613975
538590
287459
533785
449016
510018
885551
155082
706716
377426
632384
910526
838481
897360
490562
225636
307656
591923
500694
733064
556201
188093
254657
324852
546641
392488
894071
17843
377513
606782
300672
414897
277988
679048
334981
668670
260564
755678
48122
669169
825578
884317
546151
387753
859144
507383
429908
807663
743045
175013
239312
748791
208380
714615
233310
537350
258961
587
901949
316589
2626
560348
711699
978739
847397
694002
188085
169617
251972
276151
657045
53270
296977
969514
694665
375467
47943
577452
451380
610929
92448
978168
511315
629574
304557
599920
220902
980839
911445
867538
191992
642671
595692
959817
512717
835902
856111
342048
756968
482421
859162
835729
317494
125469
25318
550844
548698
899879
786914
822323
832086
906702
160877
586994
431634
949721
713614
642476
793101
302588
757616
224512
93597
717406
771133
973195
319268
275958
112661
621911
990737
73486
889387
285360
918800
677034
312380
615383
459152
897538
947757
56464
418798
227882
813185
537750
182659
320402
158964
505519
475399
664426
811830
349786
991968
368094
121863
584996
967243
814527
844715
539033
147237
743873
525771
325208
241559
874785
349800
113216
316252
155359
677436
848198
976625
855401
486191
476393
539992
677272
584243
724476
699528
194835
765308
974562
237236
655889
291167
811097
139446
205309
239750
706988
431896
129714
427662
257804
473343
165669
925245
507002
755061
807074
195235
567195
623569
176879
91788
252269
997893
978189
903966
608601
153860
363228
725142
189726
52558
758046
704921
916205
465305
613524
887866
754452
492702
261636
628999
924562
603773
425372
51408
627977
361677
356849
859445
821841
452548
175712
20139
8424
712960
412629
553931
484296
367728
207530
910550
555729
568545
953895
150025
251878
129897
274344
424537
116052
349610
761500
532492
338539
375363
511017
841396
900337
523865
226605
696456
453484
141181
276064
403040
592094
498426
668373
844813
963470
271486
163807
753874
262464
151011
783440
464131
613510
988824
607069
304441
465263
500208
581789
799920
794910
531975
959792
659773
512311
151565
379581
297582
535026
396208
449107
673600
543569
898346
480945
729975
520878
277924
265569
475166
41326
822341
989566
784155
865042
192412
618071
677102
661996
41574
415020
174726
63214
688444
836949
101760
700893
107228
532994
112893
148389
385682
93405
320670
856199
501698
952908
827423
482030
601045
265234
577869
480095
845374
985685
742565
919117
315752
694074
328203
342220
484734
194860
364259
475550
916054
500796
829840
532330
22395
767075
727239
362570
776853
529378
906895
831107
434487
606858
339607
967248
965381
288792
170931
253527
433600
41592
706101
17661
514416
396778
304484
440533
650733
234562
690780
260083
80009
98825
591361
952863
307741
854018
886113
474213
88879
562247
830566
252106
738941
495697
194676
213593
938216
863573
408229
625947
721984
674636
544030
498724
120616
967948
637006
936522
612134
875346
514691
639665
761929
46241
158952
727682
311
499651
503711
932410
454994
430126
252983
106270
250823
889986
249098
754829
430323
962863
689014
33069
282353
693684
922486
634823
330436
450306
649884
952303
748830
870207
197613
757532
934347
104806
985
486614
902333
723275
584341
944269
666804
853308
416791
559301
429258
342723
999149
110063
623384
907273
361211
706900
899401
899349
128335
670122
331513
388081
400099
139273
496457
244973
484846
335415
383746
574909
809447
592607
942755
248317
478871
379169
242504
632213
548057
607363
684665
200376
968241
265028
549581
897414
283847
27025
989369
920658
870079
314641
456378
306877
768181
965083
529242
411137
394970
93319
173025
440778
725158
247778
961180
867646
603577
321083
293571
117598
632978
918298
659209
752964
152170
596624
679621
723468
990446
496746
566776
838800
157336
470015
423418
224139
98217
609961
249926
723231
496133
516176
16030
825137
34858
258722
100060
983218
10382
370527
768215
876601
745621
349328
521710
215948
493036
302679
646580
236862
515333
216674
599096
816498
673711
863225
858223
742717
972369
926775
99649
353386
754882
382166
77037
233495
983880
751971
135641
636732
354092
627280
591418
198348
897462
170472
182364
318451
25547
13341
494542
515200
951711
663037
745966
30813
613784
42691
615116
953017
698241
494090
822078
995974
673575
990749
264064
624222
60692
385193
515269
969345
743717
971796
730782
729977
339850
415398
5574
690590
19290
71205
546696
625782
90897
898048
35405
742388
242407
667873
379078
885537
701837
602149
449394
954840
614791
799528
398092
850027
429729
541241
202645
950372
605263
445613
511801
566693
806501
519759
540705
987953
277039
993077
732820
762243
375086
601326
506314
504604
623792
579479
387983
26715
313226
528077
242512
126020
767157
211772
392454
859811
836099
83350
327548
985993
748732
995872
22462
472245
405145
505190
136480
749775
978076
953295
117992
463437
414922
500683
559065
25528
818182
941160
82397
97737
359692
129540
418574
264941
10758
256413
373537
370024
625870
511428
94447
600725
479297
253424
152801
324492
736636
516207
606008
445212
128502
644920
857975
525559
689786
689371
50349
300589
150207
416537
875683
929361
151590
629520
250910
698168
227727
451407
615441
583839
238231
679496
979234
711468
76210
158691
756503
502093
343074
902767
873565
318717
556562
580723
421237
160037
74513
793635
448955
267231
363054
417710
786260
403477
890156
948468
538036
803272
94178
43221
161226
92397
845938
12325
733896
876209
86947
882747
963794
881822
317982
557609
508482
390806
64002
190277
623190
426427
254500
477670
186743
795697
40550
618027
190182
686907
820850
645813
830661
900546
800980
913332
610944
274804
983986
217823
195670
168009
152616
138301
616392
580769
631044
897377
306204
290634
540699
938611
992462
682141
712518
962408
201364
201799
267901
791059
17613
950181
390413
728981
158533
945545
255865
860848
79911
265754
777515
982266
773312
572696
132245
629293
821036
636220
360169
98523
370911
178557
817073
822719
982098
372591
956747
201838
92423
514054
43973
495596
520571
280441
116753
267994
482600
215234
279781
101197
487284
101761
157938
612219
934073
815616
627518
890383
141426
783250
376480
427932
49086
82260
963416
242477
865620
968981
320520
105850
502084
393618
546707
152248
935526
308250
495249
393928
65249
664144
186476
108239
785945
755151
161946
822821
204278
941032
453559
552486
941454
555526
583805
828327
495470
290163
777955
700355
739658
213811
101392
100499
76414
194126
568315
384315
266304
832300
585185
488481
598565
790488
356321
156089
169868
993831
833207
858300
203307
287858
961107
129015
334132
614654
676501
696512
606307
125693
754536
686211
982503
834157
722872
505850
651178
772447
803601
233915
994559
190738
148950
790123
865127
270398
807834
204368
739136
579756
625182
209797
321995
989122
821096
711814
765464
951773
739196
720171
905104
295191
755385
31154
819231
693480
719123
316661
600124
341224
889833
289530
361494
728498
471363
740393
993309
487653
665321
32216
44330
678724
341218
345282
205515
678461
46152
285911
687663
219591
44740
136429
573674
165732
163500
642708
22630
542022
676918
382407
309607
621390
652567
525309
60793
429487
248124
648671
343224
413297
591524
683029
153980
837778
673880
291514
593247
556807
670728
757742
30828
387616
112324
434505
690405
551177
674707
709036
73521
944108
229492
408372
815712
552820
266542
568136
84573
161133
88982
711570
954479
864391
279901
92555
568683
494073
216147
457006
348666
117059
537340
700302
51395
691339
29197
832963
260980
977193
151108
670016
38642
483902
196961
937856
633115
821311
459012
323615
882420
502032
188132
318085
108212
530891
232041
674877
240044
535007
719015
692580
395281
908821
225080
909884
495400
257454
418101
77152
358220
421801
48785
304530
777119
82657
523922
991920
262795
812882
791660
317254
255220
410876
60283
611260
549052
545184
143772
477296
756402
69671
108393
560223
260824
248546
215056
999868
367439
572076
282768
135139
119777
469484
5007
421095
60715
78071
265498
853767
793381
64274
435897
74432
463951
249557
829486
499132
174202
656234
190858
293096
345969
637109
813805
970339
109250
616910
485528
871506
752812
755817
15472
893712
920358
686103
385234
344579
342794
513253
854221
510666
697693
75362
346880
182866
720443
680255
845265
791368
447843
495438
759879
441320
464989
527789
19909
380148
962756
517948
605604
352577
343476
903881
570092
301931
140176
80333
538670
875433
506480
573328
964416
593339
337382
486951
225238
713984
762284
80222
655289
334244
380779
28848
144103
889974
39786
705395
517256
425879
149969
861905
546056
484110
598937
912880
58837
318521
951315
14835
497271
77726
359633
780698
624710
103712
564661
300357
681293
72077
809684
634326
788986
271316
522822
519347
299006
562580
104524
358187
24903
181519
656735
973360
54103
171197
931089
954434
449089
503037
504098
138541
965056
572391
461858
305256
477108
607420
32125
946015
219706
169663
770024
559755
544870
302429
716647
707900
817504
635335
896632
305400
726744
753248
703071
57662
843431
867410
236559
239267
520388
829115
33266
703262
136415
561157
214677
615007
637021
214676
50611
779417
524721
801688
595421
943073
941651
68418
315331
890286
644704
272339
798881
843904
181582
984079
673672
808990
635594
656017
224071
526200
85040
625144
691191
64938
804710
35583
865504
176225
412438
444139
867723
491480
402310
542173
51493
291196
738453
50503
514189
441838
561428
547643
869947
253670
930558
592287
627404
927669
729238
397501
801902
954339
501596
286071
973860
823926
463403
585943
807478
977684
9586
71365
298169
462592
88332
388754
573750
145664
716927
529968
924282
74143
727374
289028
705274
259855
27387
420052
454688
328166
871645
692123
678582
5705
772057
14524
488366
927910
533952
297107
596875
169819
65029
180390
225712
998388
860761
315194
535171
280017
803557
95234
482238
23398
58467
396019
370066
284509
749594
985075
901303
321750
527284
39599
892885
954574
62781
12939
960328
217629
69882
538613
429908
946201
229668
683539
685861
509209
788992
22746
150465
803860
101020
856384
281612
552487
278312
923017
15415
975029
265262
240510
305479
809960
546799
166653
785981
800086
325468
57833
288487
967936
718445
580097
337091
154420
546466
240590
656651
153042
401684
246646
242466
39339
341495
912751
158809
384709
640303
858701
828190
620347
415371
637883
717761
132609
298402
133448
255716
750982
276425
459673
133567
420722
125742
133629
287950
985742
880084
482654
397463
324035
8043
196050
128859
787963
536459
240529
233241
902180
421965
768641
16889
392915
968006
398318
119708
246725
585249
124245
34813
709952
992280
150175
325380
796824
952271
950315
947879
41357
205645
635396
659453
539090
388567
967346
920097
180520
695595
317100
202047
243177
606294
199595
582206
863969
53554
86745
254282
821655
606976
951528
120381
728361
314909
475328
451369
365205
77220
500432
25220
510100
851297
61446
313201
915296
655597
770777
937639
106647
258539
99971
72704
778616
720861
299853
254368
377290
522724
812674
358848
887131
92754
277061
841814
591398
519981
599487
747043
762190
216963
904048
590616
944775
567205
38631
364326
300180
999681
483277
994337
358314
497632
291483
617488
905716
962040
783019
117075
794352
936495
832044
509873
528310
125677
644528
145406
275481
212956
196960
520677
596902
732287
75983
84696
993353
809964
137259
419025
639952
122087
498256
344195
352967
117149
925430
363938
253505
993338
689611
979980
934456
93351
259292
1042
199180
556899
516524
288423
536103
357885
271015
108836
855810
46059
761520
781686
532544
10059
735127
504869
935160
905971
32422
428865
537872
19766
755802
274475
656452
447094
393967
790589
517062
573985
147797
784023
435776
111114
221246
429767
367925
729892
162265
169940
266437
53405
564441
941351
756239
250965
750
439639
885297
551673
696853
907984
439531
73280
418379
282143
88993
100290
278173
958236
799103
372336
229595
844531
802231
81780
67050
179153
693413
467750
717177
672169
787220
175015
865804
384160
346202
414942
406772
842843
284318
205389
426975
904482
230778
528207
8907
842545
884539
917232
494678
717467
34629
609513
474418
255516
105812
750390
621428
846649
858333
402966
809483
55894
474771
17439
55181
238420
819653
675067
253741
440548
974308
117379
644105
984685
688227
664566
885088
112982
849975
537429
617953
207280
407422
203231
758942
165635
557372
395492
772320
199796
741312
201544
694676
672207
797413
996631
332514
306871
606260
101119
952990
882087
550055
358958
586583
548
471176
344265
303373
147777
664632
244805
901185
302350
622412
685542
35236
334047
37266
411282
953841
150004
866481
602385
462678
494090
587758
215652
658893
761853
916491
350079
901642
301016
138122
519972
996365
986811
372623
923484
279575
851624
305571
931157
585529
578346
839253
74195
929543
764002
790331
244884
121644
652207
32086
17413
389015
391097
278035
305626
990547
754266
143150
732110
436853
551466
992241
448695
138734
83814
826330
5252
513217
818300
626523
926487
683598
963830
624443
663353
422028
333696
808090
697918
409045
631896
360401
359158
89819
323857
356216
390029
465528
285699
119681
295744
480292
508882
646849
488572
275584
966170
516815
68373
790415
509172
414085
405343
331844
689768
918564
64173
440501
911471
672724
726628
565487
772579
125256
484794
804260
102085
974080
626705
873600
798122
944360
92330
680089
176964
756126
306439
275589
715337
630929
551010
966853
317058
793796
143683
133534
245746
152882
164738
502408
115425
408396
991833
592128
552644
190174
612901
931768
480650
939599
356857
340463
837445
144903
237663
373851
342643
589291
86764
776065
296169
696004
581695
76455
904475
949949
819030
586978
764618
381067
110924
401609
557386
55975
940147
963530
371567
871287
225866
696666
433620
828555
282715
935432
722055
925314
571124
467371
422804
793165
997247
481722
379245
190411
877569
405690
459955
744340
726571
438930
864803
560273
50016
747194
84128
542536
733124
824466
376472
992630
912317
551247
86486
800597
768522
722384
317924
655037
915772
585359
506203
712871
889620
596850
930697
126220
675579
242625
261437
165100
940440
286771
371953
847338
600914
161569
117397
790612
27810
609308
312628
653633
793299
189914
571653
345235
268313
701451
884112
603869
746635
301386
521723
430750
755455
714543
500657
887914
863617
526209
157742
158121
472687
844232
629097
946233
734260
846913
507549
769391
219679
185579
590646
450619
339423
785407
829525
954281
746205
128572
475776
337412
231030
443616
536425
428821
547988
421106
311897
657673
660968
235708
742649
772208
361094
201175
6269
150498
411868
294558
420589
687548
53328
387397
410322
632520
288118
483266
365561
822331
707115
307561
901222
260183
742481
61525
376153
551217
177191
906562
47094
31309
433283
680376
126931
719525
754671
616098
645795
338824
923486
330045
287865
578975
662857
40364
650236
455884
919147
471208
181862
88171
899861
178260
752824
982778
812078
533806
630654
459349
805451
290338
952634
639002
154983
529273
272176
282475
895295
335406
956109
600209
309901
235681
207413
95550
881886
88933
683176
826923
462930
724980
304976
908000
467184
442626
122793
254930
938979
304558
661133
903398
930965
338581
739163
669268
424423
159553
922563
956006
646090
945407
79601
943072
672701
921358
22420
241850
179491
371827
506378
142857
350784
107114
200810
167676
284496
421495
98477
788033
936452
662554
894201
35591
222682
511136
537036
168799
191895
326678
778306
730684
366884
234713
788866
568537
217539
9353
334987
186105
251308
277916
444759
551114
147016
945934
302121
543139
810953
31030
687800
480044
71652
730548
634616
572509
175660
883783
393793
859999
425932
185787
939998
365902
336417
171135
520501
645920
798514
934677
66190
627551
654797
984738
423681
760658
192127
451109
390400
683514
612911
6212
975167
209720
290007
79426
295228
868364
968928
334733
761134
218040
139610
53236
372622
852930
136085
192758
444860
397657
869022
573878
49552
174607
328601
446666
912830
303877
58680
674866
992229
775076
334293
15077
191156
451463
233330
839815
949497
968118
561994
188152
458504
614670
838803
970246
640452
482556
416915
391490
397
424808
777116
340336
268934
344878
959846
161944
86785
448711
750983
858809
244490
580742
921105
314333
947277
492223
728072
151112
301220
22530
288190
540170
691585
107077
650573
686580
850933
971743
693489
781863
365850
407409
787456
840712
449955
961503
719174
42191
944126
430524
521217
711935
257699
23940
292854
230320
966269
919938
747182
9864
238449
133970
392336
656392
514703
875265
37020
864578
261908
776656
70145
11369
749849
143512
447772
899776
328540
269447
39951
609845
257706
399624
592889
623303
431845
248001
137303
436065
493815
746742
743991
390155
542996
662283
581588
404726
864485
337190
254675
572405
450646
431987
445081
286859
912701
930369
714631
244511
920165
997193
601683
847116
934391
721231
984388
354965
237636
89122
832009
929782
74994
320061
394295
926869
700480
379664
265886
857815
553783
814296
686790
193871
466351
527594
646731
546258
760315
218896
5458
40230
819058
974858
423015
823833
205979
376630
174453
87789
982964
639306
391073
998769
241055
803069
906691
289195
578538
667333
582657
447153
353209
423868
51978
13014
773394
293212
531692
9858
268421
93929
362707
53275
981750
763118
60831
878687
327688
880287
482208
496596
110184
641117
571377
499222
266611
90201
512174
502543
427589
946768
143827
737734
353055
38132
518450
247950
628980
369515
80336
911518
929872
642224
576989
182081
671398
969368
49743
808292
977012
618287
576538
210893
831445
586881
905934
801323
615139
514036
201868
156936
462342
185426
148838
721690
674462
953829
629203
275833
735177
474683
388555
27692
597649
629897
36805
614812
853749
378476
964043
446122
192850
349898
445302
657756
392942
35223
60236
657778
258658
830644
513202
982039
184097
800561
187279
314227
395561
595827
583744
241693
743620
453553
173553
33518
850939
936792
439134
388081
623064
385231
40167
216566
629463
581397
912137
453830
193577
148422
533951
548336
300196
283708
145972
243266
218378
441297
342115
335828
114291
545667
945229
472830
681754
189553
724822
107689
142466
882050
710269
990467
145091
241381
36086
758732
121781
553970
933222
212173
467127
512495
620218
915049
921373
947119
175909
86284
56884
619734
47924
147712
987826
440631
671439
662622
100927
317470
303758
331681
116058
888361
303861
948886
309866
22609
716622
296432
278114
136582
252321
120248
367887
661753
357459
709985
116417
695411
385561
218937
634899
998306
282455
904380
310553
295861
505753
343555
727782
348060
504812
272345
156407
906610
840026
427054
639936
991863
993921
790501
384208
914678
123215
227080
587107
304325
58909
29915
849412
1707
454308
959822
460189
329948
964128
779532
535965
213343
790079
874928
321156
142544
516230
587799
10958
244610
376385
290448
490169
682620
661157
222832
589429
536676
874052
436163
889256
833914
547243
899932
285403
814459
102171
140622
479236
440038
584739
907187
353456
448538
506966
843689
483213
766238
538542
555037
291153
156219
700029
216063
633803
862148
846796
630037
182276
870774
251666
11308
695441
58874
770706
242152
739064
647239
576402
473213
11325
704548
277043
877942
758088
929291
907186
274291
774196
44905
357370
235312
464054
769154
251427
268671
460200
567538
545739
883288
17201
386830
895247
115271
521235
86697
189735
542403
468305
459891
771740
156063
550779
791995
470374
819610
658903
66965
752038
153553
199662
278230
204796
659347
239664
871292
487494
456469
656965
348779
871030
119676
547121
734098
40911
567000
108834
138412
643196
505777
250841
687331
497229
978105
859059
901582
883022
32992
349395
568923
141126
699143
968622
976136
258697
421388
481331
68363
360250
334980
954709
322962
349729
985159
556278
322021
715365
795172
217393
322151
370662
57333
354756
896187
925753
178254
186649
945026
364289
277455
261807
510531
536614
73881
754986
235876
914293
554717
413747
571221
849108
106704
937933
402828
4768
914555
818934
802538
251685
977646
205814
885693
481593
397076
161223
752607
288245
318754
203040
610107
877073
127978
903712
441199
791195
229196
648148
756429
726356
554379
935781
518012
543335
638205
853153
114428
931911
452060
269092
235335
490404
311803
339106
75346
227721
236562
926484
716019
103445
881466
507453
884252
879188
949300
45720
233605
372537
776163
541472
879208
509178
393946
779963
89446
761800
71056
901380
294791
695402
863536
318068
56479
819061
117965
789100
695819
140586
638835
418017
717019
815852
877976
396708
394442
296156
843442
254989
516008
205907
403938
889795
815128
303419
624078
162347
831925
239242
382924
756779
542224
604252
371065
264858
279061
798957
844778
358726
538060
874160
105402
788064
855547
838414
149955
697480
337960
56254
894184
647153
167867
66109
907534
708593
479746
402603
334314
795368
871887
833474
960757
373450
513916
519795
810109
501514
529935
761182
202005
482404
409976
141550
750189
517575
501431
970704
330492
855710
131354
537166
803161
271482
627492
620300
762985
40286
867594
632029
974643
489190
566935
864515
156816
51092
910767
380353
196350
33336
736688
342687
933651
368252
453364
644218
171470
237769
284403
934405
299465
541338
715654
640288
757515
976091
197574
150931
664698
243965
99987
850855
713261
50649
786544
892897
889503
337854
956684
773532
329600
23001
716124
540674
849318
449088
194531
677030
345378
400091
748115
55361
881645
706415
30733
325704
303616
357320
999237
766054
290050
39683
495681
157531
915740
705269
662272
195312
128937
675708
401591
774678
823753
67744
831222
837851
946837
491620
332074
758536
446316
242031
148347
644697
685996
380562
596886
127641
837885
992950
218309
838810
542535
56035
929465
318414
578627
398639
98346
581318
74479
915713
567957
800260
141083
500481
713124
198846
858529
465374
225644
388018
525426
568635
464272
624608
377034
50615
912706
392233
750853
504855
189418
934274
276876
583250
533727
350677
269992
202617
620946
38196
86199
928642
51850
825530
85307
973040
855369
555712
806991
651552
638222
827769
17846
346225
750132
206059
832652
392081
345720
201418
57502
291041
517592
96307
247957
764164
237014
910146
187917
404681
602331
651472
340996
314418
754937
388172
168173
899809
371273
426229
949924
380830
761139
77553
336957
628167
405644
843853
701301
904917
872026
699026
131786
603462
390514
392832
927270
637869
325442
768042
144182
767506
209195
320877
824410
43399
218182
701518
631029
928776
688968
374127
685411
690958
812736
292526
748362
841904
983037
792667
747530
417462
825036
553939
221774
746172
477342
886525
157636
974080
579465
92641
214953
635208
791269
817376
432637
163762
770135
873876
241814
76762
729706
53061
862609
966113
599641
360644
101923
277216
396457
456808
145933
592810
427827
341794
709230
684662
83583
92863
511922
509233
47948
434299
251240
980895
510509
53884
991986
120618
362445
917298
132566
473801
187347
608840
18289
12430
618976
119751
105162
484812
53557
275528
661572
368738
883634
580116
313326
291881
729018
536538
6389
456950
913970
835531
572729
915340
312423
827862
806780
559457
899855
182587
739383
288075
807463
279886
838919
664327
959676
54283
938372
523302
552966
402064
615282
73045
831726
551163
653265
489095
145201
958752
230607
1985
546972
258919
521374
169665
301495
130433
739167
94156
126590
649157
906813
710931
538698
839595
426583
343361
940943
82595
214869
403940
624062
950931
768156
315829
197899
458092
9756
376262
597897
622887
86726
519495
548529
591010
812827
424692
295233
541841
235616
755551
72641
255586
258222
638805
912672
491633
979750
598832
549821
52837
446465
932793
828867
555301
670789
459063
992108
336123
608915
486168
210854
787395
76125
712379
951762
62159
67766
196056
880425
95323
819906
371853
958329
339751
861388
898886
263438
901495
990454
117255
936044
649571
305035
946905
342711
492635
186417
248655
49781
133499
105018
446323
516396
695303
646361
539346
545190
144259
690097
598689
615315
292722
245385
498827
822285
348585
898460
753432
593718
648270
889038
164539
804093
525298
454712
169912
13376
54985
576932
670960
105804
710978
36628
182858
40063
730951
52797
544704
317518
798995
572241
52611
701283
137578
917498
961676
476895
75642
860066
333377
346109
583756
460015
78783
477014
973543
49356
559754
662529
3905
828195
808271
942994
43811
416167
630289
726531
322264
411341
44280
928753
883857
402010
482547
931261
672792
40983
332229
154451
168303
129314
448691
755655
873413
385375
712137
210267
48852
415115
373956
953053
851802
505521
180383
742445
146033
972725
885181
687005
101453
135053
131311
916721
326930
541840
426147
427781
633872
553702
501482
226062
581020
24543
229924
140088
297484
173473
308810
660975
104462
332857
694296
145850
195173
750354
823509
606465
909825
397507
545536
435055
138299
143618
473049
831794
910378
313398
505225
239519
123108
719723
769199
735155
461717
911839
760967
869557
233973
404665
913913
221687
998889
505689
21884
357115
259832
356170
920677
250673
987304
693460
781520
476638
915509
842223
156265
205145
855405
919953
550872
341936
882987
672552
28871
363495
853421
710884
895825
77792
516244
591467
185736
960470
720185
240816
978787
123331
628839
181790
783938
836002
267256
756462
657312
774095
147727
520472
94548
412490
48623
421285
928068
718426
525110
388707
855270
982862
378106
307059
746484
216287
358015
355452
771564
392817
908049
152962
80065
244728
731460
284177
289953
584311
714438
733651
864164
80676
571550
455297
66254
789608
37187
84726
514177
623554
907419
258591
301826
